112
8382
24
7026
224
7706
21
9294
33
7990
40
6792
86
6038
220
2503
197
312
61
8258
576
9454
9999
140
9366
506
7755
467
9347
131
9790
222
9510
557
9520
218
4219
353
9326
274
9908
394
9782
331
9833
723
7374
491
5636
5637
483
9866
437
9890
461
2697
5
4
6
8263
420
6260
366
9419
572
9910
702
8613
729
9707
478
9341
528
6899
836
8239
844
9845
631
9382
471
8260
887
8950
1010
9614
1265
9837
904
8338
946
2551
651
8541
902
9480
1117
8700
8705
1051
8343
1379
8642
1155
8454
831
1461
9472
1182
9577
9578
1138
6235
1177
9957
1257
9927
1188
9937
878
877
7921
7924
9110
1064
8747
1856
9991
9992
967
8039
1271
8009
1434
8411
1054
7292
1302
2301
1797
9353
1583
6566
1032
9567
1168
9784
1422
1839
1693
9905
1232
9076
1593
1619
1387
8870
1290
8144
1415
9816
1506
9462
1469
9996
1407
9195
1393
9067
1610
9884
1613
8332
1437
9011
2067
9325
3277
9747
1604
5137
1524
9144
9700
1672
7378
9731
1987
9753
1420
9344
1608
9968
1540
9576
1083
1082
2587
2586
2595
9763
1324
8930
981
9141
1193
9978
1787
6613
1578
8283
2056
2126
2129
1677
9425
1956
9670
1832
9764
2727
9618
2047
7864
1575
9851
2218
9900
1758
6591
1998
9486
9487
9489
2704
9278
1934
6404
9734
9988
1880
9893
1804
9283
9286
2326
9571
1076
9718
1883
9732
2429
8137
2318
6472
2929
9628
2425
8960
1468
7738
7739
2291
3779
2164
9822
2115
9883
2654
9068
2275
8657
2079
8261
8262
9142
1906
9198
2364
7956
2619
2640
2426
9337
9933
2530
3951
2441
2440
2844
9315
2969
9611
2470
8447
2752
2764
2815
9801
2152
9843
5851
7566
7568
2279
8985
2892
5800
4830
4833
2626
9715
2312
4569
929
8849
9934
2255
9950
3013
8035
2349
2348
9209
2700
8835
3160
9281
2251
9236
2923
9061
3020
8402
2725
9659
9660
9877
9878
2650
4669
2510
9852
2822
9000
5704
9826
2693
4228
3689
9952
2949
8627
2686
8512
2505
7932
6608
6855
1518
7730
3016
3920
2664
2663
2405
8428
2645
4343
4344
4928
7756
3385
9167
3330
5976
3023
8620
3882
9863
3909
9739
4129
9593
2225
7928
3091
7787
3552
4001
3189
9184
2902
8125
3988
3999
4000
9320
9947
4111
7877
3669
5960
5963
3963
9698
2722
7796
3319
9993
4743
9776
9777
3766
9956
3446
9891
3195
8783
3849
8861
4004
6987
6988
3781
9861
9862
3952
3969
3236
9838
9839
8400
9717
3591
9276
2189
8640
3567
5975
3554
8703
3087
3086
3088
3089
4086
8213
3652
9885
4217
7128
3001
3000
3304
9020
3217
4785
4786
4787
4789
3204
9401
9621
2282
7933
3810
8997
5181
8299
3590
8375
3839
8942
3432
9292
4164
9672
2642
2641
9712
1439
9948
3100
3099
3101
3801
9450
4512
9617
4250
9625
3119
7457
5380
9929
3097
8936
2895
9399
4265
4543
8608
3665
8482
2745
8961
8962
8963
4890
9969
3527
9600
9601
2547
9397
4068
8919
3579
9022
2132
8221
5738
5737
4665
9111
3421
8535
3050
9479
3925
8751
3765
8681
4382
9961
5323
6849
4490
9311
4104
8633
3668
8103
2599
4932
2616
2615
5146
9967
3631
9876
5058
7413
3117
9821
5620
5622
3343
9841
4483
8302
8303
4272
9519
4526
4536
4537
5359
9408
4406
9887
9888
5322
9170
4557
9921
9925
2618
2617
9253
9252
4660
7619
4652
8869
4070
4073
5011
9162
4801
8630
6406
9196
9901
9970
4750
9812
4745
9220
3139
9990
5285
9923
9501
9889
3507
9939
5507
9409
4766
5176
2468
8716
5024
6978
4411
9814
4011
4727
3122
8232
4651
5902
6937
9492
9493
4673
8826
4194
9716
4804
5346
3187
7058
3993
6925
9444
4945
8558
4313
5349
4010
9459
9460
5163
8646
4305
8576
3574
3573
8359
3116
9186
6523
7874
5904
9452
4555
8621
6173
9451
5725
5724
4899
9204
9205
5831
9521
5215
5219
3278
9705
5223
9688
5237
9586
4205
4204
4827
9241
9265
9944
7187
9703
4199
4198
4963
8044
8045
4747
9848
4973
8486
5174
5641
5152
5781
5780
4817
8895
6377
9931
3537
6677
9829
4982
9966
5245
9995
5753
9140
9081
9232
6339
9909
7814
9913
4889
9497
4206
4213
9442
9971
6075
6074
6077
5568
7804
6347
9813
554
8593
5581
9954
4980
8745
5325
5334
5169
6570
7036
9723
5358
9121
4732
9108
7968
7970
7969
9684
7070
7069
4447
8945
1981
8754
5140
7714
6212
9733
4293
8533
3786
8555
5700
5699
5605
8294
5238
9871
6224
9540
6617
9291
5762
9249
7103
9985
9986
5010
9711
6048
9511
5773
7534
5144
8896
3054
9974
7725
7727
4812
9831
4748
9374
9375
9376
8055
8198
7572
9721
5277
9783
4463
9503
5602
9264
4506
7127
4337
8376
5985
5984
7190
7370
5962
9692
5384
9906
9907
8209
8210
6330
8081
7519
8767
8752
9139
7620
9788
6299
9724
7383
7967
6424
8941
9696
6006
9770
3526
9602
6483
6482
9612
7791
9356
4124
9554
9555
5892
9699
7551
9384
6495
9117
5246
8619
6257
6256
9071
9070
3111
8857
7309
8589
7318
9736
5102
5104
8101
8915
3335
9750
9751
8318
8317
6542
8406
6228
9679
6239
9810
9385
9975
6318
6317
7802
9880
6837
7046
8739
7045
5517
9899
7505
9530
4115
8522
6179
9557
7971
8695
8696
8201
9830
8492
9658
6442
9964
5248
5247
8799
6277
9823
8048
8049
8050
5679
8206
8573
8725
6205
6207
6102
9994
9447
9691
5330
9498
7415
8461
6959
9066
5532
8463
8437
9844
6832
9997
7157
9082
5035
8901
9538
9695
9633
9634
8917
8916
6797
9318
8499
9680
7958
9514
5210
5209
7557
9870
5461
8847
5522
9945
6641
9028
9032
9031
9642
7815
9475
8372
8371
9595
9596
8011
8174
9477
9478
8542
9958
9240
9808
5946
7444
4507
9568
9569
5537
8066
9624
9623
8005
5789
5788
8342
9368
8205
7828
7829
7830
7831
8118
8379
7243
7429
8651
8652
6876
6880
7692
8625
8485
8508
7067
9654
7886
7887
4909
4908
6735
6737
7639
9959
8521
8374
8373
6335
9629
7561
9894
9895
9666
9667
6576
9981
5404
8610
5120
8326
8543
9119
9191
9222
9194
9868
8154
8863
9223
9290
7763
7765
7523
7525
5092
8744
4933
9181
9597
9694
9631
9632
7048
9643
9644
7599
9164
7719
7734
7359
8905
9351
9350
7225
9854
6564
6563
8242
9103
3366
9284
9285
8306
8305
7853
8503
7957
8769
7960
9674
9675
7567
8300
8301
5958
9856
9013
9737
9998
7833
7834
7835
4114
8491
3437
9414
9415
6528
8251
6072
9584
8982
9778
9183
9902
9377
9379
9016
9962
7625
8150
6681
6680
6270
9761
9762
6036
8824
8133
8988
8989
3533
9531
9570
5429
5428
6068
9468
9469
9288
9539
9029
9706
9609
9608
9280
9982
8673
9345
9346
9963
6724
6727
6726
8839
8840
8453
6936
8766
9064
9987
6160
9951
5317
9980
5165
8490
5802
7979
9817
9818
8818
9449
4061
5692
5727
5726
6920
6919
6521
8856
5656
9572
3772
9327
7697
8944
6548
9543
7696
7698
9938
4055
4056
9820
3755
9592
9088
9626
8682
9795
9864
9396
9943
4195
8689
7808
9464
9465
9466
7198
7199
9946
9972
8086
9896
9087
9086
8240
8644
7193
7192
6208
8449
5528
9550
9551
9552
9805
3379
6476
8875
9719
9370
9371
1683
9796
8420
8143
9960
8315
9799
986
7998
6316
6315
