90
1439
185
497
1735
177
721
299
1
294
71
1642
16
65
716
170
198
145
1192
473
1439
703
1381
326
16
299
1053
2
177
22
97
170
169
652
1
1286
294
198
71
874
326
323
1192
87
90
710
153
303
185
1642
16
214
473
145
1639
177
1
169
299
1372
796
1529
71
145
214
323
703
303
153
273
294
473
177
131
170
243
2
185
1211
593
294
243
19
153
473
710
1316
145
177
97
170
1372
185
299
151
703
134
1529
2
214
22
1316
214
1529
716
473
71
652
323
177
87
1359
179
303
294
64
326
170
178
90
473
87
1211
90
299
294
185
303
177
170
1372
1714
652
145
862
323
1
169
16
1829
19
177
134
90
16
1189
874
2
303
1439
473
326
170
87
862
299
169
71
214
1359
564
90
170
71
710
16
561
131
1439
198
1359
1
97
473
862
185
1316
134
497
299
145
294
185
2
652
177
1144
22
178
90
87
1359
796
1189
170
214
169
1
1714
198
87
198
497
945
145
16
153
214
299
1053
90
294
2
1
473
177
652
1639
22
1211
145
71
1093
22
90
796
2
273
16
153
177
185
120
1529
294
214
326
134
1144
198
153
303
721
185
323
178
564
2
71
294
473
1
273
198
326
214
90
299
169
1189
198
90
299
1093
2
1192
19
1
1639
145
22
185
153
716
214
473
874
1144
16
87
71
299
131
721
90
1189
2
169
294
323
170
87
303
198
177
1144
473
16
1
273
862
323
145
1
796
178
177
652
1053
64
134
299
90
169
913
1211
185
294
473
97
178
564
1192
1359
323
145
721
169
90
177
1
473
2
71
913
16
294
593
299
19
1316
294
913
22
153
323
19
796
131
185
134
1211
1189
1
170
2
145
16
1529
71
1
473
214
862
323
1053
90
1381
153
326
1093
134
303
198
703
1714
2
1439
248
299
703
153
473
185
1
2
303
134
71
151
170
564
214
294
299
721
177
1529
97
323
721
796
326
170
248
134
16
303
323
299
90
2
1053
473
198
862
22
1
1529
169
145
2
294
473
169
326
90
71
177
198
299
1
1316
243
134
153
22
97
16
185
16
323
1829
71
134
90
1211
198
1
1714
169
185
564
170
2
716
1144
294
593
97
294
1316
323
134
16
2
169
1
1735
145
131
170
90
945
214
153
22
473
71
185
16
1372
1
2
97
1144
90
716
214
198
169
710
170
145
153
862
177
1439
294
22
2
198
214
497
1211
294
1053
185
97
170
303
153
177
64
593
1286
90
1381
178
913
243
179
134
153
874
710
151
716
303
177
71
561
214
170
2
65
97
1211
185
913
169
177
1286
16
862
2
299
1192
716
90
1714
1735
1
294
721
178
913
214
1642
22
2
153
294
561
90
169
1
473
185
1192
170
913
1144
198
1829
1316
71
214
323
16
473
1372
796
145
153
169
19
273
561
198
214
22
1529
1
1735
2
1192
185
1639
721
145
131
323
2
22
71
1053
16
299
303
710
185
90
243
169
153
294
179
473
170
177
299
90
564
198
16
2
1381
294
323
1144
1
169
303
71
64
153
593
1829
131
169
1211
177
16
71
1359
243
299
170
703
145
323
1642
473
97
1053
1
2
1286
185
294
1
170
1627
71
214
2
177
120
16
145
198
1316
90
178
185
22
299
134
323
710
703
214
303
65
1829
177
134
294
90
71
716
22
153
169
16
170
185
145
248
1372
71
1211
1735
177
214
22
198
19
2
323
65
169
303
145
97
497
913
248
1189
134
177
214
323
16
796
198
326
294
169
178
1714
65
145
185
874
593
1192
90
2
1359
862
299
473
170
1829
177
22
323
248
1053
16
134
294
2
179
198
169
593
214
170
1192
145
1316
273
179
134
294
1529
185
1144
2
169
90
214
323
473
1
721
22
169
248
1829
71
145
16
652
1
170
198
473
151
179
323
134
299
1714
1053
64
2
248
1144
2
170
323
1439
299
71
145
169
134
198
652
294
22
303
1
214
497
153
303
561
294
1381
796
1
473
564
273
177
323
945
16
1093
1211
593
170
1286
153
652
2
87
185
243
874
134
1714
145
299
90
1211
19
214
198
473
131
170
1381
303
703
214
1639
134
862
169
1
153
1211
1642
177
71
185
593
2
913
170
22
299
131
303
16
473
179
134
153
796
1192
65
170
2
97
71
561
90
177
273
862
564
1381
64
303
169
131
1829
1144
299
16
145
561
134
273
170
120
90
1642
874
214
1359
2
1
1093
198
71
1286
2
294
64
248
1529
177
170
299
564
16
178
97
913
134
945
185
1053
87
1211
303
2
1286
170
1192
90
145
214
169
497
703
153
323
248
913
16
1
1642
170
185
97
153
87
177
1144
303
214
1
273
299
145
198
294
131
473
178
64
177
65
170
1
323
214
71
185
2
64
198
326
721
862
1144
473
145
913
16
299
